100 0.28
200 0.239130434783
300 0.241935483871
400 0.25641025641
500 0.263157894737
600 0.266055045872
700 0.288
800 0.280575539568
900 0.285714285714
1000 0.309523809524
1100 0.326086956522
1200 0.336734693878
1300 0.341232227488
1400 0.36036036036
1500 0.372384937238
1600 0.378486055777
1700 0.372180451128
1800 0.370503597122
1900 0.365517241379
2000 0.369636963696
2100 0.369085173502
2200 0.379204892966
2300 0.383040935673
2400 0.380952380952
2500 0.381471389646
2600 0.386243386243
2700 0.389312977099
2800 0.398034398034
2900 0.400954653938
3000 0.4
3100 0.400452488688
3200 0.396017699115
3300 0.401727861771
3400 0.399581589958
3500 0.398773006135
3600 0.399602385686
3700 0.395348837209
3800 0.401515151515
3900 0.398886827458
4000 0.4
4100 0.398230088496
4200 0.397212543554
4300 0.393220338983
4400 0.390651085142
4500 0.390163934426
4600 0.389067524116
4700 0.388012618297
4800 0.386996904025
4900 0.389908256881
5000 0.394618834081
5100 0.393538913363
5200 0.39450867052
5300 0.393162393162
5400 0.393258426966
5500 0.391724137931
5600 0.391598915989
5700 0.392
5800 0.390789473684
5900 0.390463917526
6000 0.389527458493
6100 0.391194968553
6200 0.39205955335
6300 0.395604395604
6400 0.393285371703
6500 0.393111638955
6600 0.391559202814
6700 0.390498261877
6800 0.390857142857
6900 0.3900789177
7000 0.39
7100 0.389438943894
7200 0.390642002176
7300 0.389247311828
7400 0.387646432375
7500 0.389473684211
7600 0.389637305699
7700 0.39099283521
7800 0.38905775076
7900 0.38816449348
8000 0.388282025819
8100 0.388998035363
8200 0.389105058366
8300 0.389635316699
8400 0.388201712655
8500 0.389990557129
8600 0.389355742297
8700 0.390221402214
8800 0.3899543379
8900 0.388086642599
9000 0.387645478962
9100 0.389184397163
9200 0.389473684211
9300 0.390964378801
9400 0.392426850258
9500 0.390824129142
9600 0.390202702703
9700 0.390142021721
9800 0.389900662252
9900 0.386885245902
10000 0.387306753458
